Numbers - Sigmoid

2.3014731407165527
2.290044069290161
1.9392917156219482
1.364940881729126
1.1919193267822266
0.8253626823425293
0.8490350842475891
0.5195825695991516
0.5401369333267212
0.4521697163581848
0.3933523893356323
0.3834924101829529
0.42819252610206604
0.2575666904449463
0.24144621193408966
0.2665700316429138
0.32334333658218384
0.25021690130233765
0.20809392631053925
0.272674560546875
0.18710653483867645
0.24999308586120605
0.3192029893398285
0.35929322242736816
0.20278887450695038
0.17412835359573364
0.32865428924560547
0.1779601275920868
0.31607547402381897
0.22922948002815247
0.17478622496128082
0.2016262710094452
0.10512764751911163
0.14137449860572815
0.09415262937545776
0.13171431422233582
0.17082181572914124
0.1536312848329544
0.08292436599731445
0.048554811626672745
0.2536868155002594
0.16207759082317352
0.07805134356021881
0.1272747814655304
0.2575473487377167
0.11299337446689606
0.14563342928886414
0.07067593932151794
0.12956270575523376
0.10982050746679306

Numbers - Tanh

2.3024795055389404
0.7322936654090881
0.5425559878349304
0.45336422324180603
0.17174093425273895
0.21068306267261505
0.16022248566150665
0.15310123562812805
0.31958162784576416
0.17080168426036835
0.09146147966384888
0.14950765669345856
0.0856056660413742
0.12974511086940765
0.11457252502441406
0.10743552446365356
0.04448278993368149
0.06479424238204956
0.06819982826709747
0.05019431188702583
0.13593056797981262
0.08936730772256851
0.06957310438156128
0.12048473209142685
0.05096835643053055
0.05830827355384827
0.056166768074035645
0.05721329525113106
0.03955681622028351
0.05744793266057968
0.0222804956138134
0.017382074147462845
0.07214045524597168
0.018893759697675705
0.049531470984220505
0.03810400515794754
0.021015062928199768
0.014164549298584461
0.01824170909821987
0.02393498085439205
0.007742623332887888
0.02366216666996479
0.018666435033082962
0.022899609059095383
0.054471343755722046
0.021285945549607277
0.04471481591463089
0.016590386629104614
0.01872600056231022
0.027673203498125076

Numbers - Relu

2.30265212059021
0.8808952569961548
0.37644195556640625
0.17264387011528015
0.30330604314804077
0.1426447629928589
0.12325723469257355
0.20282307267189026
0.1431705355644226
0.1174946278333664
0.1086248904466629
0.0488981194794178
0.15308460593223572
0.04682893306016922
0.06202753633260727
0.12243451923131943
0.07271437346935272
0.06100590154528618
0.056782741099596024
0.027501633390784264
0.04667886346578598
0.030797496438026428
0.0816289484500885
0.07661986351013184
0.02060445211827755
0.006219715811312199
0.05115339905023575
0.018313385546207428
0.00906800664961338
0.022195613011717796
0.025462556630373
0.008071857504546642
0.005845097359269857
0.009513596072793007
0.005941858049482107
0.007471546530723572
0.01221195887774229
0.0041680834256112576
0.020981397479772568
0.011790133081376553
0.0030100320000201464
0.005254647694528103
0.00646561523899436
0.00474085658788681
0.004002106375992298
0.0035198915284126997
0.005630084313452244
0.0037457577418535948
0.0029522902332246304
0.01079954206943512

Numbers - Leaky Relu

2.3027191162109375
0.933533787727356
0.25678014755249023
0.3128308057785034
0.13533656299114227
0.14347639679908752
0.12294892966747284
0.12722410261631012
0.0636267438530922
0.1127341017127037
0.07446318864822388
0.2046443670988083
0.062336958944797516
0.11699604988098145
0.05334341526031494
0.08018417656421661
0.09461610019207001
0.1389615833759308
0.04738270491361618
0.023190345615148544
0.03694125637412071
0.03110959753394127
0.018548285588622093
0.018751729279756546
0.015712039545178413
0.021970022469758987
0.03748107701539993
0.017827067524194717
0.011099116876721382
0.05298696830868721
0.017797689884901047
0.00621917936950922
0.008799034170806408
0.05487535521388054
0.017400329932570457
0.008167793974280357
0.01426924578845501
0.009924016892910004
0.007508343551307917
0.0043348283506929874
0.0018433097284287214
0.0038312706165015697
0.007133269216865301
0.0029261833988130093
0.004530119709670544
0.0065386174246668816
0.002886073663830757
0.0008411208400502801
0.019642557948827744
0.0024052292574197054

