2.302546262741089
0.08164501190185547
0.07912574708461761
0.053978390991687775
0.05058594420552254
0.11006432771682739
0.10302670300006866
0.05366552621126175
0.03578416630625725
0.03393247351050377
0.012272670865058899
0.0010864974465221167
0.0003931653336621821
0.00011525354057084769
0.017072191461920738
0.06202041357755661
0.045725468546152115
0.010597508400678635
0.0031911178957670927
1.6976899132714607e-05
0.11817505210638046
0.004142904654145241
0.00046672223834320903
0.0008426117710769176
0.00010781035234685987
0.004128110595047474
0.00024680691421963274
9.212714940076694e-05
8.61001608427614e-05
9.348208550363779e-06
2.799860158120282e-05
4.822067421628162e-05
2.229946585430298e-05
5.9334714023862034e-05
1.9473391148494557e-05
3.5594428481999785e-05
2.286610470036976e-05
1.402431917085778e-05
1.2782342309947126e-05
9.40334484766936e-06
1.3799476619169582e-05
1.714153404464014e-05
2.1979682060191408e-05
5.94794619246386e-06
7.72512339608511e-06
2.5361055122630205e-06
3.1862291507422924e-05
1.1910293324035592e-05
2.8028094675391912e-05
3.572322748368606e-05
