2.3025965690612793
2.302638292312622
2.3022987842559814
2.302279472351074
2.302285671234131
2.303433895111084
2.3027312755584717
2.3016228675842285
2.3015060424804688
2.3024351596832275
2.3029425144195557
2.302940845489502
2.3014209270477295
2.3004488945007324
2.3003287315368652
2.3015663623809814
2.3004963397979736
2.302319049835205
2.3034377098083496
2.2996087074279785
2.3001179695129395
2.3035788536071777
2.300153970718384
2.302255392074585
2.2994582653045654
2.299879550933838
2.3030223846435547
2.300250291824341
2.304320812225342
2.3021647930145264
2.3003439903259277
2.2981419563293457
2.3031623363494873
2.301452159881592
2.2968380451202393
2.3012359142303467
2.29758882522583
2.2991836071014404
2.301363945007324
2.3004279136657715
2.3033225536346436
2.29729962348938
2.308664321899414
2.300295352935791
2.3089184761047363
2.29693603515625
2.297883987426758
2.3028085231781006
2.2987358570098877
2.2974209785461426
