2.302555561065674
2.302112102508545
2.3037269115448
2.300694227218628
2.3003153800964355
2.297985792160034
2.2965080738067627
2.296077251434326
2.2942044734954834
2.30505633354187
2.3058159351348877
2.2939209938049316
2.293597459793091
2.295722007751465
2.302976608276367
2.2988710403442383
2.30963397026062
2.28975510597229
2.3055953979492188
2.3074522018432617
2.3096985816955566
2.294957160949707
2.289254665374756
2.3060011863708496
2.299654960632324
2.291595458984375
2.291862726211548
2.3059229850769043
2.302424192428589
2.303826093673706
2.294511318206787
2.3020646572113037
2.311424732208252
2.286776065826416
2.2913012504577637
2.3199684619903564
2.302471876144409
2.303057909011841
2.2936301231384277
2.2837777137756348
2.2906200885772705
2.286141872406006
2.304137706756592
2.285304546356201
2.2888736724853516
2.3182804584503174
2.2864491939544678
2.3076558113098145
2.3025901317596436
2.280134677886963
