2.3025383949279785
0.7878993153572083
0.2457878589630127
0.33450713753700256
0.22800442576408386
0.30414432287216187
0.30334651470184326
0.07384045422077179
0.06324277818202972
0.07211919128894806
0.12362442165613174
0.06160776689648628
0.05195436626672745
0.12407903373241425
0.12114665657281876
0.07882247865200043
0.0732763409614563
0.10599552094936371
0.14544172585010529
0.1183416023850441
0.03532335162162781
0.011462310329079628
0.06387437880039215
0.05765635892748833
0.01661554165184498
0.08032988011837006
0.03347315639257431
0.016322892159223557
0.01219218224287033
0.012730501592159271
0.006626134272664785
0.010951811447739601
0.014364758506417274
0.01041390746831894
0.05628164857625961
0.00934126228094101
0.044877998530864716
0.006167535670101643
0.008055624552071095
0.009431606158614159
0.0033617676235735416
0.0026469447184354067
0.004735195077955723
0.005305882077664137
0.002052335999906063
0.00037149348645471036
0.0016446078661829233
0.0008014218765310943
0.006660406943410635
0.0025380023289471865
