2.4847652912139893
2.4840662479400635
2.480971574783325
2.486069440841675
2.4800047874450684
2.491382598876953
2.48201584815979
2.4831809997558594
2.4757189750671387
2.4839415550231934
2.482591152191162
2.4844307899475098
2.483548402786255
2.4831032752990723
2.49043607711792
2.486492156982422
2.4873909950256348
2.489872694015503
2.4825515747070312
2.484923839569092
2.490471839904785
2.486903667449951
2.4882636070251465
2.4895944595336914
2.490400791168213
2.484043598175049
2.4888362884521484
2.4841456413269043
2.4914157390594482
2.476874351501465
2.481985330581665
2.483001708984375
2.4876980781555176
2.4865665435791016
2.4868643283843994
2.487414598464966
2.4862003326416016
2.4898629188537598
2.4837608337402344
2.4831666946411133
2.4958364963531494
2.4864745140075684
2.485602378845215
2.4924426078796387
2.478743314743042
2.4860427379608154
2.480823516845703
2.4878242015838623
2.4845261573791504
2.480081796646118
2.4846770763397217
2.4855244159698486
2.4831371307373047
2.4835731983184814
2.483696937561035
2.4850587844848633
2.485828399658203
2.4884610176086426
2.4829068183898926
2.487189531326294
2.485663890838623
2.487471342086792
2.4873435497283936
2.4889259338378906
2.4932548999786377
2.482895612716675
2.4850142002105713
2.488272190093994
2.4836297035217285
2.4863433837890625
2.48997163772583
2.4827065467834473
2.4858970642089844
2.485903263092041
2.4827828407287598
2.489006519317627
2.486428737640381
2.489057779312134
2.4850900173187256
2.48661732673645
2.4891934394836426
2.4844799041748047
2.4871315956115723
2.4870450496673584
2.4872820377349854
2.4910340309143066
2.485368490219116
2.4819893836975098
2.4874677658081055
2.4866809844970703
2.481194019317627
2.486830711364746
2.4874367713928223
2.488508701324463
2.478667736053467
2.483102321624756
2.4859721660614014
2.4895496368408203
2.485361337661743
2.485837936401367
2.48876953125
2.4849700927734375
2.4860477447509766
2.4847450256347656
2.486325740814209
2.481287956237793
2.4897847175598145
2.4855098724365234
2.4853665828704834
2.4850566387176514
2.4857845306396484
2.4844987392425537
2.4911599159240723
2.4862256050109863
2.4834327697753906
2.4873480796813965
2.4843297004699707
2.4856414794921875
2.486994504928589
2.486476421356201
2.48591947555542
2.490407943725586
2.483408212661743
2.486999034881592
2.4899520874023438
2.48728609085083
2.486973524093628
2.4845528602600098
2.4858572483062744
2.485321521759033
2.489955186843872
2.484147310256958
2.4888243675231934
2.481867551803589
2.4869771003723145
2.4866390228271484
2.4879233837127686
2.489264965057373
2.485658645629883
2.486889362335205
2.485441207885742
2.483952522277832
2.4896864891052246
2.484205484390259
2.4850828647613525
2.4831926822662354
2.4841418266296387
2.487454891204834
2.4914474487304688
2.485872745513916
2.4865822792053223
2.484842538833618
2.478015661239624
2.4867196083068848
2.48551607131958
2.4876716136932373
2.4913570880889893
2.4853901863098145
2.4834415912628174
2.4866995811462402
2.4843082427978516
2.4805538654327393
2.4831693172454834
2.48777437210083
2.486238956451416
2.485762119293213
2.482048749923706
2.487882137298584
2.4864373207092285
2.4859166145324707
2.4845151901245117
2.4864509105682373
2.484815835952759
2.4813103675842285
2.4857373237609863
2.4830901622772217
2.483941078186035
2.4807350635528564
2.4866113662719727
2.4834516048431396
2.4816489219665527
2.491438388824463
2.4846091270446777
2.487898349761963
2.4910027980804443
2.488535165786743
2.4863948822021484
2.487041711807251
2.4897427558898926
2.48244047164917
2.484773874282837
2.486102342605591
2.4869906902313232
2.485572099685669
2.4842612743377686
2.4809112548828125
2.484351396560669
2.488138198852539
2.484428644180298
2.4918110370635986
2.4870660305023193
2.487117290496826
2.4885635375976562
2.4791805744171143
2.4825024604797363
2.4908130168914795
2.4828250408172607
2.479719877243042
2.4908294677734375
2.4796550273895264
2.4852817058563232
2.4810986518859863
2.4885590076446533
2.486569881439209
2.4821410179138184
2.4860992431640625
2.4869256019592285
2.4895999431610107
2.48541259765625
2.486269474029541
2.4912774562835693
2.4821133613586426
2.483185291290283
2.488558530807495
2.4887423515319824
2.480860948562622
2.4895215034484863
2.481102705001831
2.488840341567993
2.4907898902893066
2.4895198345184326
2.4812264442443848
2.4847843647003174
2.4832260608673096
2.4827098846435547
2.4805245399475098
2.4893765449523926
2.4828944206237793
2.480358600616455
2.488852024078369
2.481559991836548
2.4898180961608887
2.4884397983551025
2.4847054481506348
2.486910343170166
2.484410524368286
2.482973575592041
2.4875121116638184
2.484318971633911
2.486238956451416
2.4866857528686523
2.4846479892730713
2.482663631439209
2.4856953620910645
2.483455181121826
2.483085870742798
2.4857585430145264
2.48573637008667
2.4853768348693848
2.485131025314331
2.4825499057769775
2.488325595855713
2.4880263805389404
2.488800048828125
2.4867403507232666
2.483947277069092
2.4853355884552
2.48655366897583
2.4829540252685547
2.490126848220825
2.490936756134033
2.4875922203063965
2.4923317432403564
2.484635829925537
2.4877851009368896
2.4898083209991455
2.4857516288757324
2.4862918853759766
2.4898834228515625
2.4861221313476562
2.4836151599884033
2.4866604804992676
2.482579469680786
2.487044095993042
2.4911904335021973
2.4843039512634277
2.485422134399414
2.482271194458008
2.4820938110351562
2.48637056350708
2.482316255569458
2.484565496444702
2.4850571155548096
2.4821953773498535
2.486553907394409
2.4818825721740723
2.4858856201171875
2.4878952503204346
2.4831788539886475
2.4911046028137207
2.4859118461608887
2.482670307159424
2.483412504196167
2.4873363971710205
2.487652540206909
2.48872709274292
2.486754894256592
2.4835963249206543
2.482205867767334
2.4856114387512207
2.4886693954467773
2.488741636276245
2.4882075786590576
2.48600435256958
2.4880125522613525
2.484145402908325
2.4900448322296143
2.4856040477752686
2.486016273498535
2.4786922931671143
2.4832186698913574
2.4852893352508545
2.483825206756592
2.479590892791748
2.4856059551239014
2.48598575592041
2.487422466278076
2.4827115535736084
2.486391067504883
2.4823689460754395
2.485279083251953
2.4855639934539795
2.4847800731658936
2.482860565185547
2.48734974861145
2.486105442047119
2.4874491691589355
2.487363815307617
2.4838054180145264
2.4839835166931152
2.4824371337890625
2.4856934547424316
2.485210418701172
2.490659713745117
2.48197865486145
2.4800193309783936
2.482563018798828
2.4771132469177246
2.4882068634033203
2.4826340675354004
2.4856441020965576
2.482863187789917
2.485842227935791
2.4830524921417236
2.486009120941162
2.485535144805908
2.4841322898864746
2.4896044731140137
2.480052947998047
2.487743854522705
2.4862520694732666
2.4842822551727295
2.479630947113037
2.4865245819091797
2.483982801437378
2.485246181488037
2.4879868030548096
2.4830944538116455
2.4872422218322754
2.4837822914123535
2.4840965270996094
2.4881834983825684
2.4828784465789795
2.487287998199463
2.482814311981201
2.487549304962158
2.4844000339508057
2.4864883422851562
2.48640775680542
2.4896297454833984
2.484896421432495
2.4885659217834473
2.4828240871429443
2.4794235229492188
2.4865992069244385
2.4852237701416016
2.4888808727264404
2.482715606689453
2.487478733062744
2.4841620922088623
2.486264228820801
2.4865105152130127
2.489070415496826
2.485987663269043
2.4832603931427
2.4843506813049316
2.4898955821990967
2.4821810722351074
2.483896255493164
2.4887642860412598
