2.488956928253174
2.487117290496826
2.4888789653778076
2.487264394760132
2.4844326972961426
2.4864590167999268
2.487969398498535
2.482473134994507
2.4841439723968506
2.483936309814453
2.4857418537139893
2.4841227531433105
2.4853854179382324
2.485053539276123
2.4853806495666504
2.4849441051483154
2.485179901123047
2.485260486602783
2.484750747680664
2.4849672317504883
2.4847960472106934
2.4848246574401855
2.4854533672332764
2.4844508171081543
2.484999179840088
2.4847071170806885
2.486030340194702
2.484884262084961
2.486090898513794
2.4858505725860596
2.4848551750183105
2.4851279258728027
2.4844565391540527
2.48498272895813
2.4847874641418457
2.484640121459961
2.484736680984497
2.4854235649108887
2.4861693382263184
2.4848408699035645
2.485203981399536
2.484827756881714
2.484818935394287
2.4852676391601562
2.485200881958008
2.4849061965942383
2.484567880630493
2.485478639602661
2.4848358631134033
2.484978675842285
2.485079288482666
2.4848361015319824
2.484898805618286
2.4854722023010254
2.4849886894226074
2.4848062992095947
2.4856483936309814
2.4848697185516357
2.484811305999756
2.4847159385681152
2.484870195388794
2.4850168228149414
2.4853882789611816
2.484891176223755
2.485499620437622
2.4845221042633057
2.4848523139953613
2.4849860668182373
2.4856455326080322
2.484736680984497
2.4844682216644287
2.4854490756988525
2.485133647918701
2.4850029945373535
2.4850234985351562
2.4848334789276123
2.4848625659942627
2.483891725540161
2.4852800369262695
2.4858505725860596
2.4853596687316895
2.4845519065856934
2.4849770069122314
2.484128475189209
2.484699010848999
2.484342575073242
2.4851186275482178
2.4850823879241943
2.4852230548858643
2.483696460723877
2.4849722385406494
2.4846911430358887
2.4850523471832275
2.484856367111206
2.4852843284606934
2.4855220317840576
2.484851121902466
2.4853920936584473
2.4840166568756104
2.4847145080566406
2.4854750633239746
2.4852328300476074
2.484978675842285
2.4847731590270996
2.485039472579956
2.484668731689453
2.4849467277526855
2.4854111671447754
2.484531879425049
2.4851436614990234
2.4848105907440186
2.484905481338501
2.48445463180542
2.486447811126709
2.4847331047058105
2.484726667404175
2.484436511993408
2.484920024871826
2.4850547313690186
2.4850687980651855
2.4849250316619873
2.4855690002441406
2.4860403537750244
2.4848296642303467
2.485187292098999
2.484760284423828
2.4849536418914795
2.48520565032959
2.485151529312134
2.484912872314453
2.4853262901306152
2.485076427459717
2.4847137928009033
2.483992338180542
2.484408140182495
2.485044479370117
2.484732151031494
2.4847939014434814
2.4849109649658203
2.4854111671447754
2.4850261211395264
2.484997272491455
2.484766721725464
2.485588788986206
2.484778642654419
2.48453950881958
2.4849157333374023
2.4848244190216064
2.4853386878967285
2.485157012939453
2.4848814010620117
2.4848437309265137
2.484361171722412
2.484806537628174
2.4848568439483643
2.485072612762451
2.484947443008423
2.484870433807373
2.485739231109619
2.4847540855407715
2.484952926635742
2.484771251678467
2.4846103191375732
2.4849584102630615
2.4856197834014893
2.4847371578216553
2.4843506813049316
2.4858779907226562
2.4847588539123535
2.485234022140503
2.4845259189605713
2.4847018718719482
2.484630823135376
2.4855079650878906
2.4849610328674316
2.485823392868042
2.4855873584747314
2.4848473072052
2.4850659370422363
2.48529314994812
2.4846858978271484
2.484419345855713
2.4862124919891357
2.484992265701294
2.484940767288208
2.485316753387451
2.4847779273986816
2.4854161739349365
2.4853122234344482
2.485292673110962
2.4849390983581543
2.4844510555267334
2.4848473072052
2.4854657649993896
2.4852023124694824
2.4848122596740723
2.4855337142944336
2.484898090362549
2.4848997592926025
2.4848623275756836
2.4850094318389893
2.4850268363952637
2.4846017360687256
2.4839229583740234
2.484785556793213
2.484694004058838
2.4863479137420654
2.4850380420684814
2.4847583770751953
2.4851324558258057
2.484769105911255
2.4855809211730957
2.4849257469177246
2.4848828315734863
2.485062837600708
2.4844462871551514
2.4848365783691406
2.4855830669403076
2.485184907913208
2.4848341941833496
2.4853925704956055
2.485116481781006
2.4849140644073486
2.4850521087646484
2.4847512245178223
2.4849181175231934
2.4852607250213623
2.484623670578003
2.484881639480591
2.485374689102173
2.4854683876037598
2.484797954559326
2.485503673553467
2.484656810760498
2.4848830699920654
2.4850287437438965
2.4842734336853027
2.484837770462036
2.4863860607147217
2.485231876373291
2.484982490539551
2.4856152534484863
2.484588384628296
2.484837770462036
2.4852325916290283
2.4846765995025635
2.485027313232422
2.4859278202056885
2.4859397411346436
2.4850471019744873
2.4862189292907715
2.4847497940063477
2.4850504398345947
2.4849157333374023
2.484574317932129
2.4849514961242676
2.4857540130615234
2.4848885536193848
2.4848289489746094
2.484656810760498
2.4850902557373047
2.484706401824951
2.4856693744659424
2.4848058223724365
2.4849612712860107
2.4846038818359375
2.484971523284912
2.484833240509033
2.484792709350586
2.4858391284942627
2.4847419261932373
2.486025810241699
2.485170602798462
2.485076427459717
2.4850926399230957
2.484884262084961
2.4848244190216064
2.485314130783081
2.4850170612335205
2.4848291873931885
2.48547625541687
2.485832691192627
2.485084056854248
2.4856786727905273
2.485013723373413
2.4850494861602783
2.484964609146118
2.4848105907440186
2.484895944595337
2.4850234985351562
2.485149621963501
2.484973430633545
2.485085964202881
2.4849629402160645
2.4849588871002197
2.484992742538452
2.484776020050049
2.4848785400390625
2.4850337505340576
2.48598313331604
2.4846484661102295
2.4862358570098877
2.4849956035614014
2.484987258911133
2.4853882789611816
2.4846088886260986
2.4849560260772705
2.4842793941497803
2.485373020172119
2.4846770763397217
2.484713315963745
2.4842610359191895
2.4848594665527344
2.4852957725524902
2.4847981929779053
2.4848780632019043
2.4845428466796875
2.4856619834899902
2.485069990158081
2.4848551750183105
2.4863967895507812
2.484877347946167
2.4844889640808105
2.485400676727295
2.4851016998291016
2.4853122234344482
2.4851274490356445
2.4848620891571045
2.4864094257354736
2.484811305999756
2.484943389892578
2.4845237731933594
2.4839863777160645
2.484861135482788
2.4851982593536377
2.4859402179718018
2.4847705364227295
2.484353542327881
2.484534740447998
2.4849250316619873
2.4856395721435547
2.4844493865966797
2.4849495887756348
2.4845104217529297
2.4845662117004395
2.4847633838653564
2.4853968620300293
2.4851479530334473
2.4848053455352783
2.4850265979766846
2.4847471714019775
2.4847726821899414
2.484494686126709
2.4849629402160645
2.4848434925079346
2.485222339630127
2.4846317768096924
2.4849963188171387
2.4851012229919434
2.4841175079345703
2.4847664833068848
2.4851298332214355
2.4845993518829346
2.484814405441284
2.4850096702575684
2.485222101211548
2.484879970550537
2.48472261428833
2.48468017578125
2.4847350120544434
2.4852492809295654
2.4852659702301025
2.4848198890686035
2.4842772483825684
2.4853463172912598
2.484956741333008
2.4856345653533936
2.4852077960968018
2.4848787784576416
2.4850056171417236
2.485384941101074
2.4848432540893555
2.4855194091796875
2.4863009452819824
2.4849016666412354
2.4853084087371826
2.4853899478912354
2.484876871109009
2.485262632369995
2.4845447540283203
2.4849295616149902
2.485464572906494
2.4847629070281982
2.485039234161377
2.4845147132873535
2.485705614089966
2.4850001335144043
2.4846930503845215
2.484652042388916
2.484926223754883