2.4813241958618164
2.3161635398864746
1.9291598796844482
1.8528473377227783
1.735084891319275
1.7208343744277954
1.473992943763733
1.51798415184021
1.5746713876724243
1.2449222803115845
1.5123568773269653
1.4464272260665894
1.1118777990341187
1.3354166746139526
1.0076372623443604
1.294236660003662
1.4177801609039307
1.013628602027893
0.9078442454338074
1.3689556121826172
1.0261331796646118
1.001169204711914
0.8161002397537231
0.7874071598052979
1.037520170211792
0.689337432384491
1.105726957321167
0.6996605396270752
0.6924365162849426
0.7751795053482056
0.874437153339386
0.6548646688461304
0.8335997462272644
0.8176172971725464
0.576614260673523
0.6489536166191101
0.7610713839530945
0.5918678641319275
0.7113325595855713
0.39182984828948975
0.6634742021560669
0.4868697226047516
0.49564728140830994
0.4604279100894928
0.5528146624565125
0.3879483938217163
0.3719770312309265
0.3332844376564026
0.2857213020324707
0.535142719745636
0.48387080430984497
0.508404552936554
0.27562445402145386
0.49227461218833923
0.36356690526008606
0.4802554249763489
0.45029059052467346
0.16367995738983154
0.18508747220039368
0.23684477806091309
0.3087560534477234
0.17223617434501648
0.18751129508018494
0.23862823843955994
0.2590668797492981
0.3618215024471283
0.14371924102306366
0.35652998089790344
0.2907848358154297
0.1112627387046814
0.1402249038219452
0.1706165224313736
0.17844174802303314
0.15012678503990173
0.1260191798210144
0.12151267379522324
0.07042590528726578
0.11741822957992554
0.1404389590024948
0.17149023711681366
0.1686704009771347
0.08536072820425034
0.10289666801691055
0.08623823523521423
0.08858135342597961
0.09637133777141571
0.09352173656225204
0.04259948059916496
0.08949556946754456
0.07709071785211563
0.09189631044864655
0.13582561910152435
0.1648511439561844
0.09950049221515656
0.06431727111339569
0.07449918985366821
0.061121176928281784
0.07446815818548203
0.04990585520863533
0.04653051868081093
0.0240390133112669
0.03877916932106018
0.05106083303689957
0.034468501806259155
0.04298219829797745
0.023021554574370384
0.015356463380157948
0.04005647450685501
0.04263149946928024
0.034105587750673294
0.15487560629844666
0.08824117481708527
0.23372244834899902
0.11618229001760483
0.06309065967798233
0.01967674121260643
0.014504505321383476
0.018654873594641685
0.02226340025663376
0.02039450779557228
0.011743821203708649
0.01443501003086567
0.012784458696842194
0.013214764185249805
0.005374847445636988
0.025447014719247818
0.016528721898794174
0.006680089049041271
0.0069105238653719425
0.007144011557102203
0.007108169142156839
0.007975605316460133
0.02753361500799656
0.0221504308283329
0.12445799261331558
0.34546738862991333
0.12728926539421082
0.07964460551738739
0.0747504010796547
0.029012829065322876
0.01594068668782711
0.005629343446344137
0.005262902472168207
0.012930626049637794
0.0043976809829473495
0.0031283386051654816
0.004325837828218937
0.014991352334618568
0.006249076221138239
0.004814100451767445
0.0026605683378875256
0.011037597432732582
0.0052741579711437225
0.007243511267006397
0.0031341693829745054
0.004665082320570946
0.0035351007245481014
0.004839793778955936
0.004123617894947529
0.0029729087837040424
0.004440705757588148
0.003269219072535634
0.0019445065408945084
0.0025811903178691864
0.004141076933592558
0.003831158857792616
0.004860284738242626
0.0020512226037681103
0.0020197818521410227
0.0013932930305600166
0.002005710732191801
0.0018441755091771483
0.0020091747865080833
0.002239782130345702
0.0010304622119292617
0.001419740030542016
0.0038002647925168276
0.002844666363671422
0.002243511378765106
0.0028961002826690674
0.0017404366517439485
0.0022514902520924807
0.0017807340482249856
0.0012049132492393255
0.001563693629577756
0.0011623750906437635
0.0007752139354124665
0.0012640913482755423
0.0014497000956907868
0.0010425467044115067
0.0013453323626890779
0.0013313802191987634
0.001155458390712738
0.0013135808985680342
1.1552997827529907
0.3344491422176361
0.2486228495836258
0.044360749423503876
0.013247978873550892
0.008331905119121075
0.004250957630574703
0.0036794443149119616
0.009577000513672829
0.003106266027316451
0.0048528918996453285
0.0018948694923892617
0.0024244938977062702
0.00336533528752625
0.0035908021964132786
0.0040094805881381035
0.0034034810960292816
0.0017943118000403047
0.002513723447918892
0.002138486597687006
0.0035718423314392567
0.0017493090126663446
0.0015997625887393951
0.0015995241701602936
0.0014842126984149218
0.001515088020823896
0.0008892554906196892
0.0019738376140594482
0.001828941167332232
0.0016404107445850968
0.0016334004467353225
0.0025780070573091507
0.0027318999636918306
0.0013346734922379255
0.001612516469322145
0.0011704526841640472
0.0015065448824316263
0.0008973704534582794
0.0012412933865562081
0.0011727528180927038
0.0010304470779374242
0.002094113966450095
0.0010223118588328362
0.0009607166866771877
0.0010556632187217474
0.0010677250102162361
0.0008018227526918054
0.0011491107288748026
0.0007598174852319062
0.0013581725070253015
0.0005465495632961392
0.00047477224143221974
0.0006639963830821216
0.0003722797555383295
0.0004709288477897644
0.0005684580537490547
0.0008001922396942973
0.0005800732178613544
0.0005652761901728809
0.0006770043401047587
0.0004612528719007969
0.0007968686404637992
0.0008646689238958061
0.0003575787413865328
0.0005230150418356061
0.0003049346269108355
0.00028719467809423804
0.0003963256604038179
0.0002920562110375613
0.00041215564124286175
0.0004180138057563454
0.0003717109211720526
0.0003805787127930671
0.00028402547468431294
0.00033248093677684665
0.0003358498797751963
0.0002786855329759419
0.0003217763442080468
0.000587509828619659
0.0004591955221258104
0.00016554367903154343
0.00019545415125321597
0.00032690304215066135
0.00029389787232503295
0.00012347332085482776
0.00013340120494831353
0.00027022615540772676
0.00019718660041689873
0.0001914773602038622
0.00016436036094091833
0.00016872079868335277
0.00014003008254803717
0.00019357269047759473
0.0001302371092606336
0.00014236991410143673
0.00017467871657572687
0.00015585243818350136
9.871852671494707e-05
0.0001475229801144451
0.00016863274504430592
0.00011428352445363998
7.847948290873319e-05
3.7883375625824556e-05
0.00012042006710544229
7.942955562612042e-05
8.794044697424397e-05
4.303296373109333e-05
0.00012066203635185957
0.00010929508425761014
3.4083514037774876e-05
9.549913374939933e-05
1.942003607749939
0.4550876021385193
0.3626324534416199
0.01834781840443611
0.003093071049079299
0.0054374695755541325
0.0038131698966026306
0.0018620329210534692
0.002796978922560811
0.002958132652565837
0.001579679548740387
0.001646965043619275
0.0015773444902151823
0.0013687536120414734
0.0007515542092733085
0.0007611148757860065
0.0011428827419877052
0.000991953769698739
0.0004001530760433525
0.0004161728429608047
0.0008262074552476406
0.0006564433570019901
0.0005781275685876608
0.001354197389446199
0.0005151976947672665
0.000658065197058022
0.0007829664973542094
0.001253366470336914
0.0004827727098017931
0.0005313650472089648
0.00044510196312330663
0.000645946420263499
0.00042915763333439827
0.0006586067611351609
0.0006000067805871367
0.000818143947981298
0.00042335857870057225
0.0004992842441424727
0.00038360024336725473
0.0005353676970116794
0.0003323104465380311
0.0002902207779698074
0.00019649218302220106
0.00030726357363164425
0.0003622429503593594
0.00042282333015464246
0.0003761420666705817
0.00048290667473338544
0.00041323836194351315
0.00023494164634030312
0.0002987617626786232
0.0003460228908807039
0.0003837713156826794
0.00036331996670924127
0.0002661998150870204
0.00024963970645330846
0.0002586074115242809
0.00019537124899215996
0.00014015159104019403
0.00014432540046982467
0.00018482687301002443
0.00022079632617533207
0.00024423329159617424
0.0002670621615834534
0.00022444869682658464
0.00029590181657113135
0.00018958906002808362
0.000143412034958601
0.0004984614206478
0.00011322910722810775
0.00017305581422988325
9.865459287539124e-05
6.750066677341238e-05
0.00012125640932936221
0.00014069213648326695
0.0001260763092432171
0.00015367849846370518
0.00013322751328814775
0.00019821291789412498
8.23657464934513e-05
0.00014428756549023092
7.047721010167152e-05
6.311611650744453e-05
0.000105425322544761
0.00010466839739819989
8.752657595323399e-05
0.00016137052443809807
0.00017501474940218031
6.750193279003724e-05
0.00013646257866639644
0.00010622411355143413
0.00014040448877494782
7.403855852317065e-05
6.269261939451098e-05
6.845572352176532e-05
