2.484917163848877
2.052401304244995
1.60891592502594
1.7867282629013062
1.6376796960830688
1.5766575336456299
1.4251058101654053
1.6848065853118896
1.6430288553237915
1.4386415481567383
1.3468892574310303
1.5075175762176514
1.2283653020858765
1.2114295959472656
1.2766809463500977
1.0891064405441284
1.1818270683288574
1.2314115762710571
1.3067047595977783
1.0792205333709717
1.2387545108795166
1.0356510877609253
1.3164713382720947
0.938055157661438
0.8545743823051453
1.1667290925979614
0.9830659627914429
0.8841334581375122
1.2271183729171753
1.1141066551208496
1.265068769454956
1.089289903640747
0.8931175470352173
0.9221606254577637
1.0428472757339478
1.0351390838623047
1.1207376718521118
1.1282614469528198
0.9041134715080261
0.8421861529350281
0.9243016242980957
0.8057858347892761
0.756293773651123
0.9870551824569702
0.8522537350654602
0.9737674593925476
0.9947301745414734
0.8780986070632935
0.9809320569038391
0.8603206872940063
0.8150342702865601
0.8629579544067383
0.8248459100723267
0.7848828434944153
0.7724291086196899
0.8759747743606567
0.7810264825820923
0.8265933990478516
0.5640764236450195
0.5676332116127014
0.5406312942504883
0.6430662870407104
0.8804672956466675
0.6837482452392578
0.6820163726806641
0.8451778292655945
0.5364805459976196
0.6778033375740051
0.6403568983078003
0.5938512682914734
0.637832760810852
0.4893374443054199
0.57208651304245
0.4662112295627594
0.5845565795898438
0.6195337772369385
0.6219983100891113
0.5901438593864441
0.590398907661438
0.5287896394729614
0.6010769605636597
0.6508792638778687
0.7573468089103699
0.641124427318573
0.6617225408554077
0.46513089537620544
0.908120334148407
0.32085856795310974
0.6740618348121643
0.5692960023880005
0.44596534967422485
0.42964640259742737
0.5691361427307129
0.41845041513442993
0.523496687412262
0.6011191606521606
0.4328122138977051
0.41066843271255493
0.3197060227394104
0.4936092495918274
0.3717441260814667
0.47181376814842224
0.30236348509788513
0.5653928518295288
0.6013652086257935
0.4333515167236328
0.48655804991722107
0.35502731800079346
0.6019902229309082
0.5020607709884644
0.5439552068710327
0.46235188841819763
0.35416179895401
0.3355923593044281
0.2849366068840027
0.5320725440979004
0.4675223231315613
0.45697394013404846
0.3292921483516693
0.37360429763793945
0.275204598903656
0.527112603187561
0.3947010636329651
0.37158823013305664
0.3856636881828308
0.2868383526802063
0.42001599073410034
0.3218197226524353
0.3562971353530884
0.3009719252586365
0.6019723415374756
0.37118685245513916
0.29653722047805786
0.39410263299942017
0.2484283745288849
0.23047204315662384
0.30011650919914246
0.3091243803501129
0.3352268636226654
0.294098824262619
0.32975316047668457
0.2128760814666748
0.1918450891971588
0.23294863104820251
0.1812693178653717
0.218518927693367
0.323496013879776
0.4150376319885254
0.36688312888145447
0.24456247687339783
0.2897341251373291
0.18809929490089417
0.23874995112419128
0.18024799227714539
0.2668457329273224
0.21414633095264435
0.14910045266151428
0.13909223675727844
0.20864610373973846
0.13457410037517548
0.21611139178276062
0.21426327526569366
0.1466710865497589
0.21929988265037537
0.277209997177124
0.19301529228687286
0.15959949791431427
0.2978742718696594
0.16001898050308228
0.20699791610240936
0.3109563887119293
0.1860373467206955
0.169541597366333
0.15720227360725403
0.08981338143348694
0.12148459255695343
0.20299270749092102
0.24899891018867493
0.09266047924757004
0.17083574831485748
0.14315864443778992
0.10419876873493195
0.1510169804096222
0.12119300663471222
0.16920343041419983
0.1394014060497284
0.1826983392238617
0.30763787031173706
0.25710660219192505
0.11668267101049423
0.17592637240886688
0.14763212203979492
0.11404705047607422
0.08864893019199371
0.1709948033094406
0.12006374448537827
0.12152683734893799
0.09442973136901855
0.08327879011631012
0.14853695034980774
0.07698319107294083
0.13592584431171417
0.14914698898792267
0.11970321089029312
0.1354188621044159
0.07061775028705597
0.12896937131881714
0.12193059921264648
0.11829017102718353
0.11169131845235825
0.07803832739591599
0.08281557261943817
0.17184869945049286
0.052312321960926056
0.1550091803073883
0.07141540944576263
0.06640514731407166
0.0897706001996994
0.14720705151557922
0.05309094116091728
0.08759802579879761
0.1836533397436142
0.05172261595726013
0.1266057789325714
0.06482923030853271
0.07725219428539276
0.07938697189092636
0.13113465905189514
0.06569734960794449
0.18462850153446198
0.04009566083550453
0.09064658731222153
0.09552491456270218
0.06139763444662094
0.05338189750909805
0.05956915020942688
0.04443700239062309
0.1438332498073578
0.10741128772497177
0.06649985164403915
0.08548711240291595
0.08707418292760849
0.04158702865242958
0.0525934211909771
0.05459914356470108
0.06659658253192902
0.0400584414601326
0.04590315744280815
0.03776087611913681
0.12664803862571716
0.05959801748394966
0.06320895254611969
0.0881369337439537
0.04229981452226639
0.06576982885599136
0.030204594135284424
0.06482004374265671
0.04666287079453468
0.14064456522464752
0.08559350669384003
0.062649205327034
0.04585675150156021
0.0841655284166336
0.07551037520170212
0.05803197622299194
0.06898240745067596
0.036339957267045975
0.04090546816587448
0.04983889311552048
0.06203558295965195
0.02930542267858982
0.024955492466688156
0.02825072966516018
0.02855643257498741
0.07703079283237457
0.04691239073872566
0.0348404236137867
0.044784288853406906
0.05941207334399223
0.1573847234249115
0.0896177887916565
0.05618130415678024
0.05118435621261597
0.04233714938163757
0.024194961413741112
0.02351435460150242
0.034186966717243195
0.018665695562958717
0.013360063545405865
0.024884652346372604
0.01603664830327034
0.024721626192331314
0.021876657381653786
0.016287490725517273
0.023946205154061317
0.04521414637565613
0.023738006129860878
0.03596228361129761
0.029574835672974586
0.053051698952913284
0.018789533525705338
0.02470453642308712
0.022006481885910034
0.025595683604478836
0.03385978937149048
0.024655049666762352
0.01556959468871355
0.01762060634791851
0.0230718981474638
0.013069093227386475
0.013934461399912834
0.045250747352838516
0.02049100026488304
0.03273975849151611
0.01721690408885479
0.048157572746276855
0.03396576642990112
0.27071356773376465
0.087015800178051
0.04188814014196396
0.061908721923828125
0.03025948628783226
0.019386228173971176
0.011003970168530941
0.014626404270529747
0.020899364724755287
0.027510780841112137
0.01254160888493061
0.014332087710499763
0.023265833035111427
0.00534580834209919
0.005245274864137173
0.015234261751174927
0.008990501053631306
0.023271791636943817
0.005944056902080774
0.010779360309243202
0.013375821523368359
0.013805197551846504
0.009034315124154091
0.009230004623532295
0.007974477484822273
0.010595696978271008
0.04124835506081581
0.4599027633666992
0.015388871543109417
0.08863507211208344
0.01587294414639473
0.01318961102515459
0.017958393320441246
0.006872730795294046
0.016509804874658585
0.010477370582520962
0.01045338436961174
0.013001397252082825
0.007094026543200016
0.008961303159594536
0.012199473567306995
0.007262772880494595
0.006380417849868536
0.008950929157435894
0.004276695661246777
0.008566158823668957
0.011780710890889168
0.009068339131772518
0.006270693149417639
0.010046811774373055
0.00721925962716341
0.005559823010116816
0.010876981541514397
0.008342571556568146
0.17024759948253632
0.04334188997745514
0.057561058551073074
0.02667621336877346
0.01565447449684143
0.02082623913884163
0.01967061683535576
0.004613223019987345
0.016034092754125595
0.006642994470894337
0.008447731845080853
0.008125776425004005
0.010693635791540146
0.0074024321511387825
0.006146902684122324
0.009950144216418266
0.006013031117618084
0.005356765817850828
0.005133761093020439
0.0033720440696924925
0.006684186402708292
0.005448812153190374
0.006625105626881123
0.003818030934780836
0.044830072671175
0.19644784927368164
0.10166432708501816
0.05780220776796341
0.025432009249925613