2.484919309616089
2.129669189453125
1.8132801055908203
1.7652931213378906
1.7136657238006592
1.530962586402893
1.1795084476470947
1.5466418266296387
1.1611177921295166
1.3040608167648315
1.3219821453094482
1.3688855171203613
1.2564136981964111
1.0737946033477783
1.385011911392212
1.093016505241394
1.1672871112823486
1.1755927801132202
0.8577545285224915
1.2310534715652466
0.9943956136703491
0.9711861610412598
1.2444863319396973
1.2123407125473022
1.2651952505111694
1.0831520557403564
1.2040669918060303
1.0096662044525146
1.1562144756317139
1.1534403562545776
0.9589921832084656
0.8659038543701172
1.1007328033447266
0.9042900800704956
0.8060903549194336
0.8455211520195007
0.9910585284233093
1.1213493347167969
1.0970730781555176
0.6320377588272095
0.6889781951904297
0.7257999181747437
0.6758683919906616
0.8496630787849426
0.9470020532608032
0.9875866174697876
0.8425909280776978
0.6387103199958801
1.0118048191070557
0.8629224896430969
0.8901127576828003
0.877601146697998
0.9596120715141296
0.7138873338699341
0.8106647729873657
0.9168342351913452
0.5346693992614746
0.4704325795173645
0.7132485508918762
0.7011564373970032
0.5504533052444458
0.6975077390670776
0.7559415698051453
0.5457990169525146
0.789591908454895
0.6440677046775818
0.640177309513092
0.7012506723403931
0.6426421403884888
0.4522518217563629
0.7282365560531616
0.46357089281082153
0.440743625164032
0.6850435137748718
0.5020256042480469
0.36633896827697754
0.5974911451339722
0.42952632904052734
0.4181722104549408
0.5773173570632935
0.571699321269989
0.3918176591396332
0.42243748903274536
0.5717018246650696
0.40528565645217896
0.4295019209384918
0.4709317088127136
0.5272243618965149
0.4372255206108093
0.35702481865882874
0.5721136927604675
0.584429144859314
0.5798890590667725
0.5483625531196594
0.5437026023864746
0.37967783212661743
0.4901602864265442
0.6595708131790161
0.3520663380622864
0.49936142563819885
0.3788716793060303
0.44071999192237854
0.2502318322658539
0.4173935055732727
0.5057088732719421
0.24091362953186035
0.41476407647132874
0.4259107708930969
0.5249284505844116
0.44212475419044495
0.35492393374443054
0.47704029083251953
0.3951704502105713
0.29874181747436523
0.49046212434768677
0.3151356279850006
0.29185909032821655
0.26039302349090576
0.256756991147995
0.38136520981788635
0.44697219133377075
0.2620882987976074
0.3603728413581848
0.21671238541603088
0.20667171478271484
0.33228856325149536
0.28178590536117554
0.22358708083629608
0.24729247391223907
0.18797604739665985
0.36520737409591675
0.33330655097961426
0.319113552570343
0.23896698653697968
0.2507316470146179
0.6436158418655396
0.26206424832344055
0.25013500452041626
0.21656548976898193
0.24570295214653015
0.16506075859069824
0.29443788528442383
0.40183496475219727
0.20443686842918396
0.40285831689834595
0.23379644751548767
0.3464304804801941
0.20836801826953888
0.2949821352958679
0.26252296566963196
0.15201082825660706
0.2275184690952301
0.2650327682495117
0.17916469275951385
0.32968777418136597
0.2006172239780426
0.1707947999238968
0.34357815980911255
0.2987028956413269
0.15661637485027313
0.2874476909637451
0.3030940890312195
0.24548311531543732
0.12906241416931152
0.12212632596492767
0.2653209865093231
0.19270309805870056
0.18470503389835358
0.14032331109046936
0.18528133630752563
0.24964578449726105
0.23963546752929688
0.15395846962928772
0.22504262626171112
0.17321617901325226
0.10819898545742035
0.22336025536060333
0.11212035268545151
0.2461382895708084
0.16254597902297974
0.14538711309432983
0.1734486073255539
0.1018998846411705
0.12934502959251404
0.2808147072792053
0.14023879170417786
0.13098974525928497
0.18847203254699707
0.13826167583465576
0.09073921293020248
0.0787227675318718
0.09759845584630966
0.13152684271335602
0.12929663062095642
0.11075403541326523
0.11255121231079102
0.11845920234918594
0.06585124135017395
0.09557026624679565
0.1548110693693161
0.06870007514953613
0.14190895855426788
0.09816481173038483
0.14578719437122345
0.14952215552330017
0.12856760621070862
0.11691699177026749
0.14847980439662933
0.0972825139760971
0.29769429564476013
0.054113008081912994
0.099558025598526
0.07615315914154053
0.10944292694330215
0.10603489726781845
0.07459826022386551
0.08837886154651642
0.06112390011548996
0.06851136684417725
0.0537915900349617
0.319393515586853
0.2496006190776825
0.09815724939107895
0.13830122351646423
0.12285460531711578
0.061945654451847076
0.11892692744731903
0.09518040716648102
0.0894227996468544
0.1761283576488495
0.13112327456474304
0.05506713315844536
0.11403398215770721
0.05687528848648071
0.094328373670578
0.05076619237661362
0.07812276482582092
0.08697684109210968
0.10820648819208145
0.03020119108259678
0.05032885819673538
0.10008849948644638
0.07254425436258316
0.12932783365249634
0.10414524376392365
0.10418830811977386
0.04235850274562836
0.0385301411151886
0.04518916457891464
0.0582728385925293
0.11789339780807495
0.05201347917318344
0.04240640252828598
0.18993212282657623
0.048430655151605606
0.05815877392888069
0.07424286007881165
0.049869272857904434
0.029345408082008362
0.062118373811244965
0.07227323949337006
0.030688870698213577
0.02984355017542839
0.050511620938777924
0.04103342443704605
0.04069528728723526
0.032340437173843384
0.05686039850115776
0.0660591796040535
0.06082693487405777
0.08611579239368439
0.04631808400154114
0.03869928792119026
0.04320704936981201
0.03679738566279411
0.019182391464710236
0.028009910136461258
0.05319272354245186
0.042900245636701584
0.027869898825883865
0.0488736517727375
0.008273621089756489
0.015277886763215065
0.04434124007821083
0.028325268998742104
0.016118334606289864
0.08077619224786758
0.06541717052459717
0.12848787009716034
0.1010345071554184
0.04204326122999191
0.044350869953632355
0.04533170908689499
0.010942797176539898
0.0415957048535347
0.025408554822206497
0.01713833212852478
0.025260835886001587
0.018613392487168312
0.012907509692013264
0.021633995696902275
0.034135203808546066
0.020627904683351517
0.015258774161338806
0.016932288184762
0.015465283766388893
0.0138137461617589
0.07608897238969803
0.18612587451934814
0.13507021963596344
0.10444103181362152
0.016660494729876518
0.022857561707496643
0.02699677273631096
0.028604591265320778
0.016588199883699417
0.019596252590417862
0.015967752784490585
0.011421622708439827
0.018077760934829712
0.013355568051338196
0.00813211314380169
0.014893492683768272
0.03640063479542732
0.008302614092826843
0.01607050560414791
0.006329751573503017
0.011977476999163628
0.006667095236480236
0.009542880579829216
0.005410477053374052
0.013023989275097847
0.027733754366636276
0.006591235753148794
0.024371307343244553
0.2014973908662796
0.1708504855632782
0.0949929729104042
0.03862036019563675
0.024347728118300438
0.0073839514516294
0.01826821267604828
0.008923159912228584
0.013278958387672901
0.0078118653036653996
0.007378516253083944
0.008995285257697105
0.009387733414769173
0.006530879996716976
0.007382512092590332
0.009368577972054482
0.008744844235479832
0.0091309305280447
0.004798297770321369
0.004583457019180059
0.008579127490520477
0.00788090005517006
0.008084647357463837
0.011395467445254326
0.009399165399372578
0.004649978131055832
0.005902815610170364
0.014836546964943409
0.008668852970004082
0.007657726760953665
0.10742554813623428
0.27429288625717163
0.048753708600997925
0.09361791610717773
0.011311816051602364
0.011294088326394558
0.01113330852240324
0.0044310917146503925
0.003995643928647041
0.009513664059340954
0.002608296927064657
0.0064157480373978615
0.005293217953294516
0.006437814794480801
0.014837369322776794
0.0037190900184214115
0.004544192459434271
0.0068008191883563995
0.004286372102797031
0.0063137514516711235
0.003646173980087042
0.009618574753403664
0.0023813419975340366
0.0019194248598068953
0.008165813982486725
0.0049735913053154945
0.006162088364362717
0.005146416835486889
0.00310095795430243
0.004499941132962704
0.020382532849907875
0.5977064371109009
0.12154769897460938
0.04007883742451668
0.020239129662513733