2.4821457862854004
2.4762489795684814
2.40932559967041
2.1659889221191406
2.0057485103607178
1.9708112478256226
1.9816566705703735
1.8875911235809326
1.8670692443847656
1.8158248662948608
1.8243353366851807
1.8810184001922607
1.911087989807129
1.692042589187622
1.7086296081542969
1.8558080196380615
1.9837150573730469
1.8440860509872437
1.616639494895935
1.6726486682891846
1.591989278793335
1.6550092697143555
1.670940637588501
1.7996337413787842
1.452176809310913
1.658573865890503
1.6802399158477783
1.7299827337265015
1.6436477899551392
1.5342673063278198
1.5182214975357056
1.5447251796722412
1.6655712127685547
1.5435656309127808
1.6283038854599
1.5508838891983032
1.560970425605774
1.5409479141235352
1.547619104385376
1.589601755142212
1.5620710849761963
1.604755163192749
1.4530141353607178
1.6005367040634155
1.4761855602264404
1.3839545249938965
1.8315935134887695
1.380723237991333
1.3485774993896484
1.3910696506500244
1.3307889699935913
1.3935439586639404
1.4904314279556274
1.5832005739212036
1.3730109930038452
1.4805957078933716
1.4624755382537842
1.3661677837371826
1.270785927772522
1.3045997619628906
1.740532636642456
1.6338036060333252
1.310947060585022
1.5144716501235962
1.3066818714141846
1.3551733493804932
1.1161240339279175
1.1729398965835571
1.383277416229248
1.1143009662628174
1.2422679662704468
1.5282127857208252
1.6463695764541626
1.369250774383545
1.326216697692871
1.3013195991516113
1.1471132040023804
1.358085036277771
1.3388580083847046
1.3933658599853516
1.4794013500213623
1.201286792755127
1.0803762674331665
1.2896621227264404
1.438808798789978
1.3074222803115845
1.5173547267913818
1.576117753982544
1.3259671926498413
1.4624645709991455
1.4293261766433716
1.3288501501083374
1.3508148193359375
1.3456642627716064
1.6399263143539429
1.3960729837417603
1.2922042608261108
1.4098420143127441
1.2222973108291626
1.3143168687820435
1.2042477130889893
1.2067556381225586
1.3516559600830078
1.06924307346344
1.3442808389663696
1.374473214149475
1.2437816858291626
1.4596582651138306
1.4642605781555176
1.4181005954742432
1.264400601387024
1.3369195461273193
1.1100102663040161
1.0306568145751953
1.4061291217803955
1.322697639465332
1.347890853881836
1.3947818279266357
1.4005415439605713
1.5306365489959717
1.3744533061981201
1.2232993841171265
1.3817026615142822
1.507707953453064
1.2085371017456055
1.4274930953979492
1.4004429578781128
1.269012212753296
1.3740224838256836
1.2062031030654907
1.0460212230682373
1.126183271408081
1.2637827396392822
1.2904735803604126
1.2742139101028442
1.3013321161270142
1.2714656591415405
1.3905209302902222
1.3545440435409546
1.2721540927886963
1.05740225315094
1.280775547027588
1.2940908670425415
1.430236577987671
1.0931020975112915
0.9698154330253601
1.2985048294067383
1.2782437801361084
1.0660558938980103
1.294105887413025
1.293154001235962
1.2310054302215576
1.3514894247055054
1.3124445676803589
1.2251096963882446
1.1019922494888306
1.1780377626419067
1.028902292251587
1.3346036672592163
1.1649171113967896
1.101133942604065
1.1442075967788696
1.2888776063919067
1.1768343448638916
1.1804988384246826
1.192406415939331
1.1433274745941162
1.2631018161773682
1.0859434604644775
1.2375129461288452
1.3134067058563232
1.2503007650375366
1.1400575637817383
1.1125730276107788
0.8918427228927612
1.225523591041565
1.065146803855896
1.1565587520599365
1.329773187637329
1.175726294517517
0.9133768081665039
1.3703867197036743
1.0908567905426025
1.3492181301116943
1.068830132484436
1.1798229217529297
1.0111936330795288
1.279148817062378
1.0798099040985107
1.0799223184585571
1.0676319599151611
1.3901058435440063
1.0808308124542236
1.4206907749176025
1.2838081121444702
1.066104769706726
1.1375796794891357
0.9582260847091675
1.2633575201034546
1.164337158203125
1.232825517654419
1.2017685174942017
1.0512464046478271
1.0525720119476318
1.2382094860076904
1.0501697063446045
1.1464754343032837
1.024517297744751
1.0941569805145264
1.299582839012146
0.8799310922622681
1.27096426486969
1.1521551609039307
0.9678495526313782
1.2650514841079712
1.009695291519165
1.1686652898788452
1.0337107181549072
1.1586382389068604
0.896026611328125
1.3033546209335327
1.1739962100982666
1.2733861207962036
1.0093029737472534
0.9735611081123352
1.1941678524017334
1.4825832843780518
1.092746376991272
1.005877137184143
1.201583743095398
1.1524040699005127
0.9860749244689941
1.0999109745025635
1.365936040878296
0.853161633014679
0.8875434994697571
1.125970482826233
1.198233962059021
1.02080500125885
0.8300505876541138
1.233825445175171
1.031334638595581
1.1118841171264648
1.0028364658355713
1.084987759590149
1.0275897979736328
0.9415920376777649
1.1789894104003906
1.1663196086883545
0.8520412445068359
1.2026294469833374
0.8663849830627441
1.0358500480651855
1.304286241531372
1.1595067977905273
0.8315851092338562
1.387437105178833
1.4118074178695679
1.0274021625518799
0.7987720370292664
1.144283413887024
0.8276973962783813
1.0711815357208252
1.3749815225601196
1.1264500617980957
1.1845468282699585
0.9328006505966187
0.9624301791191101
1.0153833627700806
0.7573534846305847
1.0032861232757568
0.9941336512565613
1.0304909944534302
0.9425355792045593
1.0684188604354858
1.0798332691192627
1.319562315940857
0.7833883762359619
1.4025404453277588
0.9345860481262207
1.2213661670684814
0.8913676142692566
0.8418773412704468
1.0383979082107544
0.9323846697807312
1.0611650943756104
1.2106393575668335
1.030383825302124
1.0560482740402222
0.727037787437439
0.9341028332710266
0.8773534893989563
1.0004689693450928
1.123502492904663
0.999163031578064
0.9387187957763672
1.1196902990341187
1.0525354146957397
0.8952407836914062
0.8622915148735046
1.1110950708389282
0.8058210611343384
1.3082844018936157
1.1325466632843018
1.101446509361267
0.8733833432197571
0.8440268635749817
1.0504822731018066
1.0376152992248535
0.934351921081543
0.8114185333251953
0.7969301342964172
0.9098323583602905
0.9428126215934753
0.8309774398803711
0.7962119579315186
0.7662010192871094
0.9773605465888977
1.1116125583648682
0.9397248029708862
0.7941163778305054
0.6920245289802551
1.0417536497116089
0.7549436688423157
0.7985270619392395
0.9388063549995422
0.7075227499008179
0.9506988525390625
0.9526969790458679
0.9250944256782532
0.9312626123428345
0.9659894704818726
0.7746685743331909
0.7697262763977051
0.709067702293396
0.8910229802131653
0.8013817071914673
0.7614949345588684
0.5598735809326172
0.9708290100097656
0.713779628276825
0.7661340832710266
0.8855121731758118
1.1587231159210205
0.9839876294136047
0.6515753865242004
0.8164721727371216
0.7471709847450256
0.8643906712532043
0.7459272146224976
0.7906829714775085
0.8713294863700867
0.7266148328781128
1.0250532627105713
0.7080547213554382
0.8560937643051147
0.9340680837631226
0.8458013534545898
1.0064135789871216
0.7591015696525574
0.8115091323852539
0.9862201809883118
0.7546705007553101
0.9630961418151855
0.8973295092582703
0.8498560786247253
0.8601908683776855
0.8827270269393921
0.8133374452590942
0.8107749819755554
0.8387775421142578
0.9641340970993042
0.6918541193008423
0.6207975149154663
0.5955883860588074
0.9017403721809387
0.6913048028945923
0.7225440740585327
0.9041431546211243
0.7104049324989319
0.7847251892089844
0.9110814332962036
0.9063125848770142
0.6692891120910645
0.9089899063110352
0.7796428203582764
0.5549668669700623
0.8735930323600769
0.5801886916160583
0.8029575347900391
0.8455610275268555
0.7346969246864319
0.5982667803764343
0.6560935974121094
0.7198100090026855
0.6854896545410156
0.8122760057449341
0.7184513211250305
0.8274314999580383
0.8771516680717468