2.485074520111084
1.989005446434021
1.7689498662948608
1.5318132638931274
1.648569107055664
1.2480663061141968
1.3576774597167969
1.5248839855194092
1.4298255443572998
1.4993759393692017
1.4004979133605957
1.3688350915908813
1.4823753833770752
1.4668632745742798
1.3848880529403687
1.5907971858978271
1.2780745029449463
1.6111418008804321
1.3549736738204956
1.4946019649505615
1.4886958599090576
1.2286332845687866
1.2286678552627563
1.421494722366333
1.5244243144989014
1.2936089038848877
1.5474342107772827
1.1282598972320557
1.3575299978256226
1.4346580505371094
1.3280234336853027
1.3419342041015625
1.4007619619369507
1.1569629907608032
1.6036266088485718
1.48165762424469
1.495444416999817
1.619961142539978
1.0837424993515015
1.0979349613189697
1.594720482826233
1.1775602102279663
1.296197772026062
1.0862834453582764
1.542038083076477
1.2338042259216309
1.2656290531158447
1.4871770143508911
0.9924411773681641
1.0899765491485596
1.1773898601531982
1.398943305015564
1.2142387628555298
1.264046311378479
1.1684342622756958
1.417694091796875
0.9805768728256226
1.5000702142715454
1.2607402801513672
1.245481252670288
0.9933685064315796
1.3654969930648804
1.1608773469924927
1.3281826972961426
0.9766375422477722
0.9896644353866577
1.3091946840286255
1.2949373722076416
1.1409893035888672
1.1388946771621704
1.1397826671600342
1.32212233543396
1.0773004293441772
1.091720461845398
1.0531808137893677
1.1718329191207886
1.1097990274429321
1.092423677444458
1.2292613983154297
1.064556360244751
1.0583391189575195
0.8068979978561401
1.0761253833770752
1.2763638496398926
1.0266294479370117
0.8467594981193542
0.9243730306625366
1.0394585132598877
0.937301754951477
0.8673583269119263
0.9510446786880493
1.3290503025054932
1.1223816871643066
0.975932240486145
0.8994177579879761
1.0948387384414673
1.1186256408691406
0.9916751980781555
1.232958197593689
0.8967766761779785
0.826693058013916
0.9186638593673706
1.0434004068374634
1.018337368965149
1.1871637105941772
1.1974271535873413
0.7622836828231812
0.9767513275146484
1.122388482093811
1.1976350545883179
0.8509172201156616
0.9474838376045227
1.0529109239578247
1.1130915880203247
0.7459002733230591
0.773515522480011
0.8172705769538879
0.6755232214927673
0.7759183049201965
0.939126193523407
0.9356608390808105
0.8426792025566101
0.8703392744064331
0.7541410326957703
0.7338064908981323
0.9762256741523743
0.8839321136474609
0.7437747120857239
0.7393333315849304
0.9034923315048218
0.9433737993240356
0.7310646176338196
0.7117639780044556
0.8001572489738464
0.639571487903595
0.7981747388839722
0.7778617143630981
0.6668116450309753
0.4905717968940735
0.8161903619766235
0.9783830642700195
0.5472360849380493
0.7310560941696167
0.8028756976127625
0.5832548141479492
0.6975717544555664
0.9047678112983704
0.6421099901199341
0.6788591146469116
0.6408064961433411
0.8270694017410278
0.7097293734550476
0.7858441472053528
0.6190465688705444
0.6157653331756592
0.6172889471054077
0.7136442065238953
0.6854352355003357
0.7790786623954773
0.6701690554618835
0.6190387010574341
0.4889901578426361
0.7298778891563416
0.6159084439277649
0.6823830008506775
0.6065444946289062
0.714124321937561
0.599389910697937
0.6119564771652222
0.5386477708816528
0.5349147915840149
0.3962274491786957
0.6369212865829468
0.48160210251808167
0.43821221590042114
0.33023494482040405
0.5825625061988831
0.650610089302063
0.4545612335205078
0.5626986622810364
0.6300941109657288
0.3916511535644531
0.4502514898777008
0.4401412904262543
0.5792843103408813
0.6247643232345581
0.3537961542606354
0.6281861662864685
0.5123409032821655
0.43764638900756836
0.6966989636421204
0.41632598638534546
0.5914874076843262
0.44250717759132385
0.5822003483772278
0.4031437039375305
0.41630393266677856
0.5198574662208557
0.48367270827293396
0.457308292388916
0.45654287934303284
0.42711082100868225
0.49997177720069885
0.37188825011253357
0.3282933235168457
0.30087342858314514
0.3553093373775482
0.5146152377128601
0.37440425157546997
0.4543878436088562
0.38054215908050537
0.3823055624961853
0.25924816727638245
0.306419312953949
0.5688194036483765
0.35043057799339294
0.2788117825984955
0.3797948956489563
0.344121515750885
0.32218536734580994
0.39449483156204224
0.24455218017101288
0.3579115867614746
0.47627267241477966
0.25661641359329224
0.3036488890647888
0.3888569474220276
0.41662177443504333
0.252044141292572
0.27164846658706665
0.2874186038970947
0.4253721237182617
0.3038335144519806
0.29793062806129456
0.36572322249412537
0.48867326974868774
0.20428165793418884
0.29861369729042053
0.2851160168647766
0.2461153268814087
0.3430381417274475
0.21049222350120544
0.25685936212539673
0.25830623507499695
0.21142080426216125
0.24046187102794647
0.27302321791648865
0.2677028179168701
0.24300643801689148
0.27931544184684753
0.42369022965431213
0.24592649936676025
0.21612553298473358
0.29359689354896545
0.2972635328769684
0.14779986441135406
0.23481306433677673
0.20689325034618378
0.1825907975435257
0.2975579500198364
0.16667810082435608
0.1659499704837799
0.22526498138904572
0.2834613025188446
0.18407085537910461
0.2467145174741745
0.15475575625896454
0.16260628402233124
0.2268431931734085
0.27467063069343567
0.13891498744487762
0.19692562520503998
0.23771695792675018
0.17436429858207703
0.23126569390296936
0.26399582624435425
0.09789396822452545
0.2512429356575012
0.17839495837688446
0.16910535097122192
0.15417590737342834
0.23827877640724182
0.12192883342504501
0.12796910107135773
0.18954311311244965
0.21871724724769592
0.15253040194511414
0.1994410902261734
0.3087514340877533
0.14887848496437073
0.26743587851524353
0.09787015616893768
0.12587563693523407
0.0956886038184166
0.14630767703056335
0.27414292097091675
0.1294272243976593
0.1044369488954544
0.14606912434101105
0.10025198757648468
0.14841370284557343
0.11506541818380356
0.0908551886677742
0.1037595123052597
0.11826350539922714
0.18781454861164093
0.23998455703258514
0.14517773687839508
0.06164254620671272
0.09052546322345734
0.08243834972381592
0.0707700103521347
0.15592540800571442
0.14208059012889862
0.09299491345882416
0.09937313944101334
0.11234493553638458
0.09949314594268799
0.09948305785655975
0.0749068334698677
0.07247737795114517
0.18892806768417358
0.06575976312160492
0.05752917379140854
0.08605072647333145
0.0704844519495964
0.08532445132732391
0.05560314655303955
0.07254157215356827
0.060301799327135086
0.07324589788913727
0.11080129444599152
0.05550161749124527
0.0285803135484457
0.0646800845861435
0.06043691188097
0.060108818113803864
0.08527000993490219
0.03820767253637314
0.046020735055208206
0.10008909553289413
0.05246968939900398
0.04017852619290352
0.055346809327602386
0.053319014608860016
0.04059440270066261
0.0798855647444725
0.05936770513653755
0.060811519622802734
0.07084643095731735
0.0630045235157013
0.029315775260329247
0.036185212433338165
0.05725574493408203
0.049023695290088654
0.056971948593854904
0.07548027485609055
0.03295319527387619
0.0833163633942604
0.03890272229909897
0.05670003220438957
0.04208928719162941
0.040256090462207794
0.044067345559597015
0.04551681876182556
0.035383909940719604
0.025495439767837524
0.037503682076931
0.022160477936267853
0.019603705033659935
0.02989456057548523
0.022978972643613815
0.025274377316236496
0.03290412575006485
0.027669306844472885
0.031009744852781296
0.028716811910271645
0.049471210688352585
0.021112779155373573
0.017666475847363472
0.0278592761605978
0.022427720949053764
0.023355061188340187
0.02291002683341503
0.02939685620367527
0.026951560750603676
0.012847363948822021
0.02244393527507782
0.023558076471090317
0.02187836915254593
0.019744476303458214
0.02377310022711754
0.015527257695794106
0.014311234466731548
0.019764933735132217
0.01919681765139103
0.021369311958551407
0.0217111986130476
0.014413639903068542
0.013044735416769981