2.3026390075683594
0.8319958448410034
0.4307827949523926
0.3301478326320648
0.1607455313205719
0.3137392997741699
0.09757868200540543
0.14199016988277435
0.1375521570444107
0.30373087525367737
0.2250811606645584
0.042059410363435745
0.1092582494020462
0.2092549353837967
0.048511214554309845
0.06308405101299286
0.11119095981121063
0.04899097606539726
0.16397622227668762
0.04316655546426773
0.11343985795974731
0.06630648672580719
0.11268921196460724
0.07363548874855042
0.021457290276885033
0.1367645263671875
0.10114506632089615
0.11977803707122803
0.0317719466984272
0.012947614304721355
0.07064204663038254
0.07325189560651779
0.03900783136487007
0.01772926189005375
0.010093814693391323
0.06163259595632553
0.01455254852771759
0.016750553622841835
0.0059746429324150085
0.011569258756935596
0.009208996780216694
0.00329953501932323
0.007569876965135336
0.0025381646119058132
0.004436103161424398
0.004609310068190098
0.011987516656517982
0.009188592433929443
0.003755815327167511
0.0023315544240176678