2.3017659187316895
2.2806594371795654
1.8598272800445557
1.440157413482666
1.147003412246704
0.8310912847518921
0.7500261664390564
0.5043381452560425
0.5701000094413757
0.31592702865600586
0.35536089539527893
0.2581024467945099
0.2344948798418045
0.1365274339914322
0.3811170160770416
0.3677588701248169
0.196246936917305
0.29609215259552
0.2712940275669098
0.17946366965770721
0.3502114713191986
0.12768714129924774
0.3559085726737976
0.2940625250339508
0.20641668140888214
0.3295900225639343
0.24232833087444305
0.15428701043128967
0.154465913772583
0.30253657698631287
0.09801452606916428
0.14488598704338074
0.24763944745063782
0.13053421676158905
0.17044074833393097
0.09372760355472565
0.07223771512508392
0.0779356136918068
0.28329452872276306
0.07489517331123352
0.0783170685172081
0.3838869333267212
0.07314704358577728
0.1512039601802826
0.10911240428686142
0.11724786460399628
0.05809251591563225
0.181377574801445
0.3416881561279297
0.06274407356977463