2.3023552894592285
0.9228782653808594
0.3305591940879822
0.15403907001018524
0.18276894092559814
0.1671195924282074
0.1933194398880005
0.17077842354774475
0.09149888902902603
0.07736717164516449
0.25899624824523926
0.2452183961868286
0.1626228541135788
0.13539806008338928
0.10087380558252335
0.09945094585418701
0.09215915948152542
0.1406136155128479
0.09058739244937897
0.07321194559335709
0.1520739495754242
0.05519501119852066
0.07001574337482452
0.0788862481713295
0.09320467710494995
0.10472536087036133
0.04983340948820114
0.11168447881937027
0.025583306327462196
0.03316290304064751
0.04798229783773422
0.02319372072815895
0.02570303902029991
0.03297740966081619
0.008123323321342468
0.03781125694513321
0.02490426041185856
0.06237823888659477
0.06658653914928436
0.0313795767724514
0.04239679127931595
0.010112782940268517
0.02294043079018593
0.05075899884104729
0.046961523592472076
0.00842083990573883
0.028189321979880333
0.007998806424438953
0.035190511494874954
0.03264738991856575